1 0.1869047619047619 0.7396825396825397 0.1261904761904762 0.25396825396825395
1 0.3595238095238095 0.6285714285714286 0.0380952380952381 0.15873015873015872
11 0.2773809523809524 0.5396825396825397 0.09285714285714286 0.2222222222222222
11 0.41785714285714287 0.553968253968254 0.11666666666666667 0.2253968253968254
11 0.7619047619047619 0.49682539682539684 0.07142857142857142 0.29523809523809524
11 0.7107142857142857 0.49047619047619045 0.06428571428571428 0.28888888888888886
11 0.6107142857142858 0.4650793650793651 0.05 0.19365079365079366
11 0.6535714285714286 0.46190476190476193 0.03571428571428571 0.2
11 0.13214285714285715 0.4746031746031746 0.08333333333333333 0.20634920634920634
11 0.19166666666666668 0.46984126984126984 0.05476190476190476 0.2222222222222222
11 0.24166666666666667 0.47619047619047616 0.05476190476190476 0.24761904761904763