8 0.9206521739130434 0.45677233429394815 0.06304347826086956 0.15273775216138327
8 0.10869565217391304 0.4020172910662824 0.07391304347826087 0.1585014409221902
11 0.23043478260869565 0.9193083573487032 0.034782608695652174 0.13256484149855907
11 0.2728260869565217 0.8631123919308358 0.04565217391304348 0.1239193083573487
11 0.31521739130434784 0.8688760806916427 0.030434782608695653 0.13544668587896252
11 0.3565217391304348 0.8674351585014409 0.030434782608695653 0.13256484149855907
11 0.3760869565217391 0.899135446685879 0.021739130434782608 0.13256484149855907
11 0.40217391304347827 0.877521613832853 0.02608695652173913 0.12968299711815562
11 0.7619565217391304 0.9063400576368876 0.03695652173913044 0.1585014409221902
11 0.6782608695652174 0.861671469740634 0.034782608695652174 0.10951008645533142
11 0.5652173913043478 0.8040345821325648 0.034782608695652174 0.09221902017291066
11 0.34891304347826085 0.7017291066282421 0.03260869565217391 0.08357348703170028
11 0.29891304347826086 0.7031700288184438 0.03260869565217391 0.08069164265129683