11 0.09609375 0.5950704225352113 0.1421875 0.4671361502347418
11 0.259375 0.8509389671361502 0.484375 0.20422535211267606
11 0.7578125 0.5633802816901409 0.08125 0.26291079812206575
11 0.67578125 0.6220657276995305 0.1140625 0.18779342723004694
11 0.321875 0.5809859154929577 0.08125 0.176056338028169
11 0.21015625 0.5845070422535211 0.0984375 0.1643192488262911
11 0.209375 0.6983568075117371 0.390625 0.08215962441314555
11 0.90234375 0.5669014084507042 0.1515625 0.17136150234741784
11 0.62421875 0.5352112676056338 0.1078125 0.08450704225352113
11 0.55625 0.5070422535211268 0.046875 0.107981220657277
2 0.68671875 0.7629107981220657 0.3296875 0.323943661971831
2 0.515625 0.6619718309859155 0.2 0.26291079812206575
2 0.2921875 0.8556338028169014 0.58125 0.2746478873239437
2 0.89375 0.6349765258215962 0.2 0.1619718309859155
2 0.421875 0.539906103286385 0.140625 0.07042253521126761
11 0.23515625 0.4765258215962441 0.0546875 0.1643192488262911
11 0.1578125 0.49061032863849763 0.05 0.1643192488262911
11 0.484375 0.4636150234741784 0.075 0.09624413145539906