10 0.48974609375 0.5970052083333334 0.3388671875 0.61328125
15 0.611328125 0.234375 0.189453125 0.2630208333333333
15 0.37255859375 0.23763020833333334 0.1787109375 0.2513020833333333
15 0.96240234375 0.259765625 0.0732421875 0.43359375
15 0.8544921875 0.236328125 0.056640625 0.3033854166666667
10 0.8095703125 0.6380208333333334 0.119140625 0.18229166666666666
10 0.7646484375 0.5618489583333334 0.111328125 0.10807291666666667
10 0.91015625 0.7591145833333334 0.16015625 0.23177083333333334
10 0.95751953125 0.8352864583333334 0.0830078125 0.19661458333333334
10 0.08447265625 0.6217447916666666 0.1513671875 0.2981770833333333
10 0.068359375 0.6751302083333334 0.123046875 0.2825520833333333
10 0.15673828125 0.6243489583333334 0.1416015625 0.16536458333333334
10 0.2998046875 0.5494791666666666 0.064453125 0.140625
10 0.72802734375 0.5201822916666666 0.1259765625 0.13932291666666666