11 0.962 0.6893063583815029 0.056 0.3439306358381503
11 0.515 0.6632947976878613 0.086 0.3092485549132948
11 0.354 0.6401734104046243 0.092 0.2630057803468208
11 0.23 0.6026011560693642 0.076 0.22254335260115607
11 0.116 0.6026011560693642 0.052 0.2398843930635838
15 0.919 0.48554913294797686 0.078 0.48554913294797686
15 0.801 0.5072254335260116 0.046 0.3439306358381503
15 0.737 0.5 0.03 0.2832369942196532
15 0.088 0.48554913294797686 0.08 0.4624277456647399
15 0.206 0.48988439306358383 0.04 0.33236994219653176
15 0.273 0.4841040462427746 0.026 0.2745664739884393