11 0.5241477272727273 0.4327651515151515 0.11079545454545454 0.36174242424242425
11 0.8046875 0.5918560606060606 0.061079545454545456 0.21401515151515152
11 0.7414772727272727 0.6818181818181818 0.06534090909090909 0.2765151515151515
11 0.671875 0.7357954545454546 0.08806818181818182 0.2859848484848485
11 0.5731534090909091 0.8143939393939394 0.19176136363636365 0.3560606060606061
11 0.3849431818181818 0.8314393939393939 0.20454545454545456 0.3143939393939394
11 0.20383522727272727 0.7973484848484849 0.171875 0.3143939393939394
11 0.06818181818181818 0.7424242424242424 0.10227272727272728 0.29924242424242425
11 0.21306818181818182 0.5151515151515151 0.10795454545454546 0.20075757575757575
11 0.1328125 0.5132575757575758 0.08664772727272728 0.1856060606060606
11 0.0546875 0.5303030303030303 0.061079545454545456 0.14772727272727273