11 0.30404354587869364 0.5155601659751037 0.19751166407465007 0.36721991701244816
11 0.5847589424572317 0.6680497925311203 0.15241057542768274 0.25311203319502074
11 0.6905132192846034 0.6058091286307054 0.1057542768273717 0.1825726141078838
11 0.8110419906687403 0.5881742738589212 0.12286158631415241 0.2012448132780083
11 0.859253499222395 0.5238589211618258 0.05443234836702955 0.13070539419087138
11 0.8608087091757387 0.3682572614107884 0.11353032659409021 0.2053941908713693
11 0.6360808709175739 0.35269709543568467 0.07776049766718507 0.13692946058091288
11 0.6384136858475894 0.4854771784232365 0.05754276827371695 0.11203319502074689
11 0.5645412130637636 0.48132780082987553 0.08087091757387248 0.12448132780082988
11 0.4867807153965785 0.5114107883817427 0.09953343701399689 0.13485477178423236
11 0.4105754276827372 0.5487551867219918 0.08398133748055987 0.19294605809128632