11 0.7377232142857143 0.7876254180602007 0.16741071428571427 0.391304347826087
11 0.6026785714285714 0.7274247491638796 0.11160714285714286 0.35785953177257523
11 0.48660714285714285 0.7324414715719063 0.15625 0.3210702341137124
11 0.34263392857142855 0.7157190635451505 0.12723214285714285 0.3277591973244147
11 0.9107142857142857 0.7976588628762542 0.16071428571428573 0.32441471571906355
11 0.9252232142857143 0.47324414715719065 0.09598214285714286 0.2040133779264214
11 0.2689732142857143 0.6521739130434783 0.06473214285714286 0.3010033444816054
11 0.8459821428571429 0.431438127090301 0.09821428571428571 0.22073578595317725
11 0.7912946428571429 0.4197324414715719 0.06919642857142858 0.19732441471571907
11 0.7276785714285714 0.4431438127090301 0.0625 0.19732441471571907
11 0.6662946428571429 0.40635451505016723 0.06473214285714286 0.22408026755852842
11 0.5825892857142857 0.411371237458194 0.09375 0.1939799331103679
11 0.5457589285714286 0.362876254180602 0.07366071428571429 0.1705685618729097
11 0.48549107142857145 0.3862876254180602 0.06919642857142858 0.21739130434782608
11 0.07477678571428571 0.18227424749163879 0.140625 0.34448160535117056
11 0.10379464285714286 0.540133779264214 0.109375 0.27759197324414714
11 0.1953125 0.5819397993311036 0.04241071428571429 0.22742474916387959
11 0.23325892857142858 0.6070234113712375 0.06919642857142858 0.2709030100334448
11 0.3950892857142857 0.3996655518394649 0.08035714285714286 0.19063545150501673
11 0.33370535714285715 0.38294314381270905 0.06473214285714286 0.21739130434782608
11 0.28794642857142855 0.3494983277591973 0.06696428571428571 0.14381270903010032
11 0.23772321428571427 0.39297658862876256 0.04241071428571429 0.10367892976588629
11 0.18973214285714285 0.40468227424749165 0.05357142857142857 0.13377926421404682
11 0.13839285714285715 0.4280936454849498 0.05357142857142857 0.10702341137123746