11 0.1296583850931677 0.4658385093167702 0.10403726708074534 0.2608695652173913
11 0.21506211180124224 0.3995859213250518 0.09782608695652174 0.13250517598343686
11 0.328416149068323 0.4057971014492754 0.07608695652173914 0.09937888198757763
11 0.44798136645962733 0.38405797101449274 0.09782608695652174 0.12215320910973085
11 0.5954968944099379 0.41200828157349895 0.08229813664596274 0.12008281573498965
11 0.672360248447205 0.422360248447205 0.11180124223602485 0.08281573498964803
11 0.687111801242236 0.525879917184265 0.14130434782608695 0.17805383022774326
11 0.7468944099378882 0.7991718426501035 0.2204968944099379 0.33954451345755693
11 0.2220496894409938 0.7712215320910973 0.16149068322981366 0.2670807453416149
11 0.11568322981366459 0.7846790890269151 0.17857142857142858 0.40993788819875776
10 0.41226708074534163 0.6563146997929606 0.4332298136645963 0.37267080745341613