11 0.328125 0.6217105263157895 0.13125 0.5855263157894737
11 0.45625 0.53125 0.1125 0.2730263157894737
11 0.5177083333333333 0.4967105263157895 0.11041666666666666 0.2565789473684211
11 0.4375 0.4029605263157895 0.06666666666666667 0.16776315789473684
11 0.5760416666666667 0.7171052631578947 0.11875 0.2894736842105263
11 0.690625 0.5723684210526315 0.14791666666666667 0.3815789473684211
11 0.8135416666666667 0.725328947368421 0.33541666666666664 0.5296052631578947
11 0.9604166666666667 0.524671052631579 0.07083333333333333 0.27960526315789475
11 0.8208333333333333 0.5131578947368421 0.12083333333333333 0.23684210526315788
11 0.8489583333333334 0.3190789473684211 0.08125 0.27631578947368424
11 0.246875 0.3125 0.06458333333333334 0.23684210526315788
11 0.2375 0.4506578947368421 0.1125 0.19078947368421054
11 0.06875 0.4720394736842105 0.11666666666666667 0.24013157894736842
11 0.17083333333333334 0.2746710526315789 0.04583333333333333 0.1611842105263158
11 0.590625 0.2944078947368421 0.04375 0.19407894736842105