11 0.55375 0.5583333333333333 0.0475 0.2
11 0.798125 0.6133333333333333 0.09375 0.33666666666666667
11 0.691875 0.5216666666666666 0.05625 0.17666666666666667
11 0.61375 0.5341666666666667 0.06 0.225
11 0.908125 0.5225 0.02875 0.11166666666666666
11 0.87375 0.5133333333333333 0.03 0.12
11 0.474375 0.4875 0.03375 0.10166666666666667
11 0.226875 0.48583333333333334 0.04875 0.135
11 0.03125 0.5258333333333334 0.0275 0.165
8 0.190625 0.6116666666666667 0.09625 0.29
8 0.293125 0.5866666666666667 0.09875 0.26
8 0.364375 0.58 0.06125 0.19333333333333333
1 0.114375 0.6708333333333333 0.08125 0.18833333333333332